# [  3.28626062   5.20837209   8.25471346  13.08283917  20.73490274
#   32.86260621  52.08372086  82.54713463 130.82839173 207.34902744]
9.330938735130700555e-05 1.802740194925969580e-05 1.398175478320805723e-05 9.719909650344479786e-06 7.912921242548066585e-06 7.100320279978279003e-06 4.827069771619620325e-06 2.986838426944516895e-06 1.295804391935551797e-06 5.831634674174192315e-07
1.802740194925969580e-05 3.999351296356354769e-05 1.248927274489989397e-05 1.041198873603156322e-05 6.803962720111244087e-06 5.778601643959237880e-06 3.954283979827911176e-06 2.052389038418700537e-06 9.605748030694646795e-07 2.040936424486567021e-07
1.398175478320805892e-05 1.248927274489989567e-05 2.313391564942725192e-05 1.076758272031924506e-05 8.035550892273349323e-06 6.280160409667971330e-06 4.113011660446327701e-06 2.148194871508964478e-06 8.124106202868023178e-07 2.490358777506557232e-07
9.719909650344478092e-06 1.041198873603155644e-05 1.076758272031923829e-05 1.522601529544405755e-05 7.753497831945780722e-06 6.151325918229500270e-06 4.128502324073906070e-06 2.427684144813981869e-06 1.120306109712124234e-06 2.677985823382136322e-07
7.912921242548064891e-06 6.803962720111239004e-06 8.035550892273342547e-06 7.753497831945780722e-06 9.227615051432205370e-06 5.921273804213996744e-06 3.865397621145128960e-06 2.167393468296272869e-06 1.025235849960446494e-06 2.468023953126488793e-07
7.100320279978283238e-06 5.778601643959237033e-06 6.280160409667969636e-06 6.151325918229504505e-06 5.921273804214000979e-06 6.505060515827475598e-06 3.909942784030719150e-06 2.098445058034124277e-06 9.987585623294188451e-07 1.825009840621650672e-07
4.827069771619621172e-06 3.954283979827910328e-06 4.113011660446326007e-06 4.128502324073906917e-06 3.865397621145131501e-06 3.909942784030719150e-06 4.040321974751995399e-06 2.251605622709810252e-06 1.035586840847811367e-06 2.642487061414581731e-07
2.986838426944518589e-06 2.052389038418700537e-06 2.148194871508964478e-06 2.427684144813982716e-06 2.167393468296275411e-06 2.098445058034125124e-06 2.251605622709810676e-06 2.344396275230801750e-06 1.187487866619182450e-06 3.641924191643668171e-07
1.295804391935553068e-06 9.605748030694653148e-07 8.124106202868028472e-07 1.120306109712125293e-06 1.025235849960447977e-06 9.987585623294196921e-07 1.035586840847811578e-06 1.187487866619182450e-06 1.411368388919803712e-06 5.416022736702911773e-07
5.831634674174196550e-07 2.040936424486568344e-07 2.490358777506558820e-07 2.677985823382137911e-07 2.468023953126493028e-07 1.825009840621652525e-07 2.642487061414583849e-07 3.641924191643669230e-07 5.416022736702913891e-07 7.807118032132267106e-07
