# [  3.28626062   5.20837209   8.25471346  13.08283917  20.73490274
#   32.86260621  52.08372086  82.54713463 130.82839173 207.34902744]
9.540960005197184990e-05 1.839657107190796761e-05 1.426807624877077208e-05 9.918956109059817627e-06 8.074963793156215779e-06 7.245722208423600352e-06 4.925919573580350857e-06 3.048003564587244648e-06 1.322340160752437174e-06 5.951056178300500117e-07
1.839657107190796761e-05 4.091432848298264414e-05 1.274503083332144846e-05 1.062520774326972426e-05 6.943295772926331740e-06 5.896937125968163022e-06 4.035260681387235643e-06 2.094418314893399486e-06 9.802456662523734743e-07 2.082731171801198646e-07
1.426807624877077378e-05 1.274503083332145015e-05 2.365055615612878201e-05 1.098808365978302521e-05 8.200104679959761372e-06 6.408766922966619201e-06 4.197238822541164934e-06 2.192186081014616152e-06 8.290473445782764102e-07 2.541356895125456220e-07
9.918956109059815933e-06 1.062520774326971749e-05 1.098808365978301843e-05 1.555648890436956601e-05 7.912275674705993589e-06 6.277294130329503132e-06 4.213046707403213374e-06 2.477398797448378974e-06 1.143247985906153749e-06 2.732826209127409432e-07
8.074963793156214085e-06 6.943295772926326658e-06 8.200104679959754596e-06 7.912275674705993589e-06 9.425318713765681156e-06 6.042530958262843666e-06 3.944554088200186708e-06 2.211777830911396426e-06 1.046230856356972454e-06 2.518564693273908166e-07
7.245722208423604588e-06 5.896937125968162175e-06 6.408766922966617507e-06 6.277294130329508214e-06 6.042530958262847901e-06 6.642542004731411936e-06 3.990011456779475260e-06 2.141417479860657824e-06 1.019211360976188997e-06 1.862382795614448399e-07
4.925919573580351704e-06 4.035260681387234796e-06 4.197238822541163239e-06 4.213046707403214221e-06 3.944554088200189249e-06 3.990011456779475260e-06 4.125129687777278424e-06 2.297714500440793105e-06 1.056793817124144859e-06 2.696600495664151799e-07
3.048003564587246342e-06 2.094418314893399486e-06 2.192186081014616152e-06 2.477398797448379821e-06 2.211777830911399391e-06 2.141417479860658671e-06 2.297714500440793528e-06 2.393439548942442446e-06 1.211805505683821712e-06 3.716504320403476747e-07
1.322340160752438656e-06 9.802456662523738978e-07 8.290473445782769396e-07 1.143247985906154808e-06 1.046230856356973936e-06 1.019211360976189844e-06 1.056793817124145071e-06 1.211805505683821712e-06 1.440741696137257117e-06 5.526933247689426988e-07
5.951056178300504353e-07 2.082731171801199970e-07 2.541356895125457809e-07 2.732826209127411549e-07 2.518564693273912931e-07 1.862382795614450252e-07 2.696600495664153387e-07 3.716504320403477276e-07 5.526933247689429106e-07 7.969166489981393720e-07
