5.599594058834625088e+01 -4.516410961992502138e+01
8.763502619518202152e+01 -4.895685961170028833e+01
5.466963854395709888e+01 -5.634211658566912462e+01
4.896587295997137268e+00 -4.982047655175286138e+01
2.786997179484593801e+01 -5.556049698350297916e+01
2.135442284028964011e+01 -4.511477961535207726e+01
3.418174129380163890e+02 -5.225021330877495274e+01
3.139301810356334386e+02 -5.524705201077263439e+01
7.285099769917391654e+01 -4.775098790575387397e+01
3.889964602112654291e+01 -4.628219269552910475e+01
