#ttype1 = mass [M_solar/h]
#ttype2 = nu
#ttype3 = f(nu)
#ttype4 = bias(nu)
231377448.6558577418 0.1049378031 1.8563636060 0.5622059781
332568376.0125673413 0.1116136999 1.7731723833 0.5633291067
478014280.8478336334 0.1188675793 1.6919529491 0.5646177051
687069695.0627613068 0.1267617888 1.6127039619 0.5660919280
987553687.8027008772 0.1353666567 1.5354233515 0.5677746189
1419451757.6613938808 0.1447597750 1.4601225959 0.5696913188
2040236715.4448390007 0.1550339257 1.3867746115 0.5718720763
2932516609.0231528282 0.1662899756 1.3153848952 0.5743502319
4215027402.0148067474 0.1786448591 1.2459431958 0.5771643154
6058433205.4827775955 0.1922308775 1.1784443208 0.5803581852
8708036604.4005603790 0.2071992581 1.1128812740 0.5839821227
12516421149.1108417511 0.2237233585 1.0492450717 0.5880939226
17990369758.2922439575 0.2420022130 0.9875255388 0.5927601223
25858302479.9438858032 0.2622650209 0.9277110191 0.5980575311
37167207574.2674865723 0.2847764753 0.8697883540 0.6040750511
53421964567.8645477295 0.3098429810 0.8137433158 0.6109158148
76785599041.5072631836 0.3378204152 0.7595603891 0.6186998323
110367117118.5239410400 0.3691234014 0.7072229466 0.6275671643
158635221878.9023437500 0.4042365577 0.6567135054 0.6376817733
228012965071.3226928711 0.4437283091 0.6080139359 0.6492362464
327732464611.8251953125 0.4882677369 0.5611058901 0.6624575633
471063425393.1278686523 0.5386453771 0.5159712773 0.6776142136
677078943051.7110595703 0.5957989039 0.4725929238 0.6950249882
973193566750.4493408203 0.6608450372 0.4309553896 0.7150699034
1398811361782.5610351562 0.7351193450 0.3910459903 0.7382038289
2010569420824.9140625000 0.8202261121 0.3528560506 0.7649735654
2889874579517.8930664062 0.9181011225 0.3163824083 0.7960393477
4153736249463.7333984375 1.0310910607 0.2816291869 0.8322020414
5970336897107.5976562500 1.1620544006 0.2486098294 0.8744377040
8581412136980.6347656250 1.3144902318 0.2173493409 0.9239417172
12334418565289.7382812500 1.4927035588 0.1878866289 0.9821854163
17728769917499.1250000000 1.7020183995 0.1602767217 1.0509890956
25482294209807.2695312500 1.9490538971 0.1345924662 1.1326165995
36626755337054.7656250000 2.2420842900 0.1109250380 1.2298986347
52645150215876.7343750000 2.5915098063 0.0893823863 1.3463940771
75669051646743.2500000000 3.0104766299 0.0700842165 1.4866023297
108762257371063.7656250000 3.5156981197 0.0531518735 1.6562445908
156328490591816.7187500000 4.1285465786 0.0386915320 1.8626377701
224697404793084.5625000000 4.8765152515 0.0267696123 2.1151951632
322966872702538.7500000000 5.7951855744 0.0173814659 2.4261001150
464213643051689.1875000000 6.9308903014 0.0104181262 2.8112179295
667233467606435.2500000000 8.3443392081 0.0056414128 3.2913373291
959042257714377.0000000000 10.1155851970 0.0026825697 3.8938708090
1378471100050405.5000000000 12.3508662521 0.0010787795 4.6551971998
1981333521426633.2500000000 15.1920892112 0.0003489112 5.6239086690
2847852612205881.5000000000 18.8300565466 0.0000848356 6.8653391639
4093336337946895.5000000000 23.5230261684 0.0000141531 8.4679186543
5883521606329869.0000000000 29.6229178109 0.0000014305 10.5521452530
8456628929132474.0000000000 37.6125470579 0.0000000739 13.2833327670
12155062499999964.0000000000 48.1588594777 0.0000000015 16.8898360850
