2.050632911392405167e-01 2.113609619140625000e+02
2.151898734177215278e-01 2.498397216796875000e+02
2.253164556962025389e-01 2.972465820312500000e+02
2.354430379746835500e-01 3.359511718750000000e+02
2.455696202531645611e-01 2.931157226562500000e+02
2.556962025316456000e-01 2.747968750000000000e+02
2.658227848101265556e-01 2.716633300781250000e+02
2.759493670886076222e-01 2.722905273437500000e+02
2.860759493670885778e-01 3.320971679687500000e+02
2.962025316455696444e-01 3.626450195312500000e+02
3.063291139240506000e-01 3.461787109375000000e+02
3.164556962025316666e-01 3.268891601562500000e+02
3.265822784810126778e-01 3.364584960937500000e+02
3.367088607594936889e-01 3.614907226562500000e+02
3.468354430379747000e-01 3.778627929687500000e+02
3.569620253164557111e-01 4.220532226562500000e+02
3.670886075949367222e-01 4.737226562500000000e+02
3.772151898734177333e-01 5.594985351562500000e+02
3.873417721518987444e-01 7.087753906250000000e+02
3.974683544303797555e-01 8.850224609375000000e+02
4.075949367088607667e-01 1.317069335937500000e+03
4.177215189873417778e-01 1.797938476562500000e+03
4.278481012658227889e-01 2.599039062500000000e+03
4.379746835443038000e-01 4.193168945312500000e+03
4.481012658227848666e-01 6.315232421875000000e+03
4.582278481012658222e-01 8.438658203125000000e+03
4.683544303797468888e-01 9.869890625000000000e+03
4.784810126582278444e-01 1.096406250000000000e+04
4.886075949367089111e-01 1.254825781250000000e+04
4.987341772151898667e-01 1.257753125000000000e+04
5.088607594936709333e-01 1.248752343750000000e+04
5.189873417721519999e-01 1.250660156250000000e+04
5.291139240506328445e-01 1.226642968750000000e+04
5.392405063291139111e-01 1.159842187500000000e+04
5.493670886075949777e-01 1.193272656250000000e+04
5.594936708860760444e-01 1.189306250000000000e+04
5.696202531645568889e-01 1.154757812500000000e+04
5.797468354430379556e-01 1.031054687500000000e+04
5.898734177215190222e-01 9.778765625000000000e+03
6.000000000000000888e-01 9.080078125000000000e+03
6.101265822784809334e-01 7.986687500000000000e+03
6.202531645569620000e-01 7.500265625000000000e+03
6.303797468354430666e-01 6.291750000000000000e+03
6.405063291139241333e-01 5.424500000000000000e+03
6.506329113924049778e-01 4.714843750000000000e+03
6.607594936708860445e-01 4.283390625000000000e+03
6.708860759493671111e-01 3.636093750000000000e+03
6.810126582278481777e-01 3.026578125000000000e+03
6.911392405063292443e-01 2.604515625000000000e+03
7.012658227848100889e-01 2.096515625000000000e+03
7.113924050632911555e-01 1.844515625000000000e+03
7.215189873417722222e-01 1.502578125000000000e+03
7.316455696202531778e-01 1.171531250000000000e+03
7.417721518987341334e-01 1.012250000000000000e+03
7.518987341772152000e-01 7.718906250000000000e+02
7.620253164556962666e-01 6.057968750000000000e+02
7.721518987341772222e-01 4.811250000000000000e+02
7.822784810126581778e-01 3.361250000000000000e+02
7.924050632911392444e-01 2.507812500000000000e+02
8.025316455696203111e-01 1.552812500000000000e+02
8.126582278481012667e-01 1.477343750000000000e+02
8.227848101265822223e-01 8.998437500000000000e+01
8.329113924050632889e-01 6.471875000000000000e+01
8.430379746835443555e-01 6.521875000000000000e+01
8.531645569620254221e-01 4.993750000000000000e+01
8.632911392405063777e-01 4.875000000000000000e+01
8.734177215189873333e-01 2.471875000000000000e+01
8.835443037974684000e-01 2.593750000000000000e+01
8.936708860759494666e-01 2.300000000000000000e+01
9.037974683544304222e-01 1.462500000000000000e+01
9.139240506329113778e-01 2.137500000000000000e+01
9.240506329113924444e-01 1.712500000000000000e+01
9.341772151898735110e-01 1.326562500000000000e+01
9.443037974683544666e-01 9.484375000000000000e+00
9.544303797468354222e-01 1.439062500000000000e+01
9.645569620253164889e-01 8.953125000000000000e+00
9.746835443037975555e-01 6.062500000000000000e+00
9.848101265822785111e-01 5.828125000000000000e+00
9.949367088607594667e-01 1.303125000000000000e+01
