1.865256678187540160e+02 1.759667939921239466e+01
2.097045457872944496e+02 3.736257566226230864e+01
1.721609140569513841e+02 3.863876635507800472e+01
2.445356907617426714e+02 2.023264047047148395e+01
1.515669952333945787e+02 2.704203697880258161e+01
1.545393451534681617e+02 4.184337063220144159e+01
1.371818906085904359e+02 3.568604591970886730e+01
2.533265495733826356e+02 3.348891118470670847e+01
1.210177962740032029e+02 4.134105741418409252e+01
1.901418505613347634e+02 4.876212810318653368e+01
1.893535860744462695e+02 3.273043401177136502e+01
1.909021572492362111e+02 6.291480577411881114e+01
1.634896880541192559e+02 3.531129187488006860e+00
2.038757961615906993e+02 2.156017564354027982e+01
2.173068836020212018e+02 5.395210800465546441e+01
1.272582983654818776e+02 7.600608985126773298e+00
1.449404779570816686e+02 3.445718125269801480e+00
1.370059918996930151e+02 5.527134089471408629e+01
1.636385387187429785e+02 5.677634154891767793e+01
2.222066338340711127e+02 2.138941165871822037e+01
2.427535494228704920e+02 5.035953500095905611e+01
1.213705788398949608e+02 2.373163699964621642e+01
1.788338221092737399e+02 4.687537439643869597e+00
1.372034364045763084e+02 1.802303417602306368e+01
1.973141198488745829e+02 4.615257837329100887e+00
2.322228701743099464e+02 7.335323086540405768e+00
1.699161965781171375e+02 2.181454759819079214e+01
2.312703435506013818e+02 3.688176447347736797e+01
2.145467084584652468e+02 5.863614837554528947e+00
1.557664220765993264e+02 1.494834226741257233e+01
