3.501293666426250062e-01 2.983273702756964241e+01
2.391466311879016260e+01 1.650999470177643147e+01
3.233221004121263036e+02 3.011469717164291460e+00
3.501837679564306427e+02 2.808635343555260455e+00
3.335482878035779208e+02 2.507267314360811383e+01
3.430309982057274283e+02 1.437133605216528132e+01
2.695078199229837068e+01 2.793278953175788359e+01
3.462711447719050284e+02 2.881429985643415748e+01
2.165197954897643662e+00 -4.304391483264873308e+00
3.371854733611141341e+02 1.636844274395499399e+00
2.740833708131766144e+01 -5.095700883762239286e+00
3.551749746450861949e+02 1.659008446272290982e+01
8.978425840275024328e+00 1.890216141083029200e+01
1.561102948904287935e+01 9.348123337715772863e+00
1.463019071859772602e+01 2.953223355483493506e+01
1.478183287381390976e+01 -9.532694720540372257e-01
3.327604546535260965e+02 1.231448435038455180e+01
3.336024885532940409e+00 6.779494647143791575e+00
2.761938297948715970e+01 5.022436728778706616e+00
3.921289288358988046e+01 -2.107144886203854650e+00
