1.550006491223913088e+02 2.112365053457353525e+01
2.119662904880763392e+02 3.939544609140928344e+01
1.416319241500703185e+02 5.004884902842832872e+01
2.366236523982932454e+02 5.752635962391794067e+01
2.407085237793531292e+02 2.293411285545654010e+01
1.597219833972355048e+02 8.894339961564490249e-01
1.522498017504838970e+02 3.409742729734660571e+01
2.248905685798267484e+02 7.362641572964061076e+00
1.688128049870101393e+02 6.573822309066174041e-01
2.021548785943107305e+02 6.315439415725849415e+01
1.760443548483855807e+02 5.709075920635588375e+01
2.568251444995923407e+02 2.550033331051928087e+01
2.237843584323167363e+02 5.377017426418540680e+01
2.481629754628508806e+02 2.714191048768916659e+01
1.966590439159569428e+02 8.471537714628441407e+00
1.717163195292040996e+02 3.467845079481141823e+01
1.928770616299587459e+02 4.703701949582823971e+01
1.817263134070953186e+02 1.621447477559654260e+01
1.318921598177702208e+02 4.333281956482241526e+01
1.917471071961140296e+02 1.620955747771609623e+01
2.362675050289794285e+02 2.851770644583137226e+01
1.275703455705204163e+02 3.547281941261570637e+01
2.454387718423614047e+02 3.541996476294025342e+01
1.636347251618343535e+02 1.779467657879560250e+01
1.653363481577954133e+02 8.798010865861337848e+00
2.227626280172509325e+02 1.948833472179572757e-01
1.254156948705258685e+02 4.613972212153148789e+00
1.447052241709624525e+02 4.064149313319293810e+01
1.475398052274555027e+02 9.158155838941967275e+00
2.189648897484485133e+02 2.324501748355815778e+01
2.024868543467966049e+02 1.622967471750166624e+01
1.381678992405276460e+02 3.245184059757001904e+01
2.301366017278392633e+02 2.123501771122479198e+01
2.403225570987405035e+02 4.311881973182001104e+01
1.166946929679562999e+02 4.053638483187188513e+01
1.618482557803575332e+02 6.236754499595917167e+01
1.878882605740843132e+02 1.362038194654408896e+00
2.450882247721739304e+02 5.114285902159887343e+01
1.731149442026125200e+02 1.743525937278739946e+01
2.487651666711000757e+02 1.685545333084123953e+01
1.932599069211404128e+02 3.045147765193027922e+01
2.038607816405453264e+02 3.297187887942879314e+01
1.608314603886945804e+02 2.852688000692887371e+01
1.782183177491358492e+02 1.678643605373598247e+00
2.226688241876943550e+02 3.859665052063959223e+01
1.207704444013659497e+02 1.411507717751606883e+01
1.616795036495720979e+02 3.732891893925350502e+01
1.817410091461462684e+02 3.270686933925145468e+01
1.876562210005902216e+02 2.440241238821035452e+01
1.858031199698948512e+02 8.841430839908428041e+00
1.695909378394071894e+02 2.550892561416867466e+01
2.172285862611283278e+02 6.055021205504063886e+01
1.300257080726954086e+02 1.494970401173223884e+01
1.460475967562281312e+02 1.821811724380636832e+01
1.508472275597158045e+02 1.295178397533114811e+00
2.526602316992601232e+02 4.323754863036659657e+01
2.061613994881561780e+02 8.197717740923156526e+00
1.368455024653266889e+02 2.325164821748658994e+01
1.747284690062780612e+02 9.164524066807999247e+00
1.657221549116131882e+02 5.219044969734709838e+01
2.065368912152019618e+02 5.349029790795373884e+01
2.135720042926325846e+02 5.966670085892938902e-01
1.409333262333481969e+02 6.065932550734958539e+01
2.409632894038752511e+02 7.950744414284414141e+00
1.287977357145917949e+02 5.553192957886871994e+01
2.164835850462416147e+02 8.362112847456689479e+00
1.557367712775088364e+02 1.098372511744927138e+01
2.028418185841820502e+02 4.366339525644124109e+01
1.925478846043068870e+02 5.606233598323267842e+01
1.806593031097132496e+02 4.897143780798982959e+01
2.297352654884467995e+02 4.646344660539979543e+01
1.806205227527512420e+02 4.105767140489223266e+01
1.828229004858325197e+02 6.460544633204342801e+01
1.184278924514319726e+02 3.182055051309709981e+01
1.413323172729971873e+02 2.004915994686986114e+00
1.961959250529753263e+02 5.695218629964958756e-01
1.551504050949555449e+02 4.509704573269646488e+01
1.211746632196206690e+02 4.835525288794949006e+01
2.157159544659659787e+02 4.786527654278358312e+01
2.395460248278239419e+02 1.557180268143807567e+01
2.331288388747427121e+02 2.876807421633965856e+00
2.223613037488597115e+02 1.556558009531224407e+01
2.571075346741118892e+02 3.435651454593511289e+01
1.335882279587191874e+02 4.230263125991745810e+00
2.262463799541413039e+02 3.011634829218001030e+01
2.151398723010358083e+02 3.172392475703108872e+01
2.047727049160348827e+02 1.080612559412558876e-01
2.122196177758336262e+02 1.570682263097672582e+01
1.473734351489363803e+02 2.743927665014544814e+01
1.533013018879388483e+02 5.356217771388096338e+01
2.342311372816490689e+02 3.630145504027559156e+01
2.315812850075083986e+02 1.192328325048810811e+01
1.180658779234519073e+02 2.256167100881753029e+01
1.980774988967621937e+02 2.348117019361584568e+01
1.787531700863357287e+02 2.515315243499047781e+01
1.687854520723166161e+02 4.385593391912481565e+01
2.085968654187193749e+02 2.399014165002003196e+01
1.924011241240752668e+02 3.818954369854756692e+01
1.277103584015544726e+02 2.581982328594650511e+01
1.387585415873828936e+02 1.259988382704633914e+01
