2.172523624216408655e-01
1.753508027610370390e-01
1.440435969779010061e-01
1.192523227921432755e-01
9.999469358074102032e-02
8.444710516422007651e-02
7.116947797940664788e-02
5.977191557757859097e-02
4.948067888229253780e-02
4.000958900488620074e-02
3.153121175705132090e-02
2.406008580888025633e-02
1.760120287859568214e-02
1.229427258847990562e-02
8.103447043293701690e-03
4.972696215294932463e-03
2.786330569262548615e-03
1.389392142374561503e-03
6.628301257090004955e-04
3.206167185898753966e-04
