7.272205216643037613e-04
9.266789198468063701e-04
1.180843767339184161e-03
1.504719674743773290e-03
1.917426642021346529e-03
2.443328806848558705e-03
3.113472780415002094e-03
3.967420482750423118e-03
5.055584678935116580e-03
6.442205094471026815e-03
8.209140804653722312e-03
1.046070278148513756e-02
1.332981188732170093e-02
1.698584585214231793e-02
2.164463848039429109e-02
2.758122139015394686e-02
3.514606049261337350e-02
4.478574573174637363e-02
5.706935550202531238e-02
7.272205216643040648e-02
