1.846273593205131216e-05
1.913369010964036357e-05
1.982927563542702558e-05
2.054482264741373313e-05
2.127549004998650334e-05
2.201773941267359908e-05
2.277384043890422790e-05
2.355376735275619275e-05
2.437279144417756914e-05
2.525481432179548652e-05
2.623034302246516659e-05
2.732406256120997086e-05
2.856213345482555145e-05
2.996350628214150622e-05
3.153411062130938097e-05
3.326986059979294952e-05
3.515572904966462374e-05
3.716890957939072965e-05
3.927630128706566416e-05
4.143501502374141184e-05
4.359100048024530237e-05
4.567876543239144570e-05
4.762243534530951066e-05
4.933502300721557285e-05
5.071907530655975525e-05
5.166931080116949195e-05
5.207760198158036365e-05
5.184107053351880476e-05
5.087441759090479548e-05
4.912703346379205952e-05
4.660408417256728218e-05
4.338779238411719991e-05
3.965332822751811682e-05
3.566430381620106817e-05
3.173177974477190896e-05
2.818923584154589169e-05
2.527589302677289598e-05
2.300359342199371029e-05
2.114875474181197415e-05
1.926159805706997296e-05
1.694036277611694064e-05
1.422597666970894604e-05
1.166563286519332834e-05
9.820484442773201673e-06
8.627837557944148216e-06
7.473850874210645255e-06
6.165227511772793284e-06
5.116991251543042154e-06
4.368306359487939310e-06
3.667401706724666622e-06
3.079525568273951113e-06
2.606478258181307890e-06
2.209770984871495460e-06
1.882640589330851434e-06
1.612617918763593864e-06
1.389262949420865834e-06
1.203375733367922471e-06
1.047879787574388717e-06
9.166689671085283466e-07
8.048342186260029181e-07
7.084252952224485640e-07
6.243932249362171423e-07
5.503874698089045244e-07
4.845882763706821780e-07
4.256435396438492431e-07
3.725667864190852156e-07
3.246431549654683036e-07
2.813552609868423897e-07
2.423258761167117126e-07
2.072707733743670964e-07
1.759618205391915875e-07
1.482008645575923670e-07
1.237981466496505087e-07
1.025581069965407855e-07
8.426744435156605934e-08
6.869123447548930812e-08
5.557387538027809036e-08
4.464606975120617140e-08
3.563510998717603016e-08
2.827502687851448027e-08
2.231520506314448391e-08
1.752706594232012669e-08
1.370788307723489289e-08
1.068061421156247214e-08
8.293208497527774370e-09
6.420581121918034347e-09
4.961890450560434567e-09
3.832210007505883970e-09
2.959439012301820516e-09
2.285425885478793033e-09
1.764918538702152431e-09
1.362956533272894224e-09
1.052541394717037102e-09
8.128234427522752727e-10
6.277014460589240904e-10
4.847411901332307242e-10
3.743403313366985308e-10
2.890834489226269915e-10
2.232439797517814962e-10
1.723995846859486860e-10
