1.000000000000000000e+00
1.123324032978027409e+00
1.261856883066020396e+00
1.417474162926805281e+00
1.592282793341092351e+00
1.788649529057434906e+00
2.009233002565047332e+00
2.257019719633920118e+00
2.535364493970111877e+00
2.848035868435801365e+00
3.199267137797383587e+00
3.593813663804627634e+00
4.037017258596554470e+00
4.534878508128581842e+00
5.094138014816379290e+00
5.722367659350217295e+00
6.428073117284320404e+00
7.220809018385463851e+00
8.111308307896869962e+00
9.111627561154891808e+00
1.023531021899026250e+01
1.149756995397735615e+01
1.291549665014884063e+01
1.450828778495939453e+01
1.629750834620644184e+01
1.830738280295367915e+01
2.056512308348651530e+01
2.310129700083159321e+01
2.595024211399735847e+01
2.915053062825175800e+01
3.274549162877728037e+01
3.678379771828632272e+01
4.132012400115336703e+01
4.641588833612780007e+01
5.214008287999684654e+01
5.857020818056667366e+01
6.579332246575678766e+01
7.390722033525779011e+01
8.302175681319744172e+01
9.326033468832198992e+01
1.047615752789665180e+02
1.176811952434997863e+02
1.321941148466028721e+02
1.484968262254465117e+02
1.668100537200059250e+02
1.873817422860383033e+02
2.104904144512019855e+02
2.364489412645407072e+02
2.656087782946686957e+02
2.983647240283340238e+02
3.351602650938841066e+02
3.764935806792467474e+02
4.229242874389498752e+02
4.750810162102798131e+02
5.336699231206307559e+02
5.994842503189408944e+02
6.734150657750820983e+02
7.564633275546290179e+02
8.497534359086438371e+02
9.545484566618337112e+02
1.072267222010323167e+03
1.204503540258782323e+03
1.353047774579806173e+03
1.519911082952933157e+03
1.707352647470690499e+03
1.917910261672488787e+03
2.154434690031884656e+03
2.420128264794380812e+03
2.718588242732940216e+03
3.053855508833415570e+03
3.430469286314919373e+03
3.853528593710527275e+03
4.328761281083056929e+03
4.862601580065353119e+03
5.462277217684342759e+03
6.135907273413169605e+03
6.892612104349695073e+03
7.742636826811270112e+03
8.697490026177834807e+03
9.770099572992246976e+03
1.097498765493056817e+04
1.232846739442065882e+04
1.384886371393871741e+04
1.555676143930472244e+04
1.747528400007683013e+04
1.963040650040272521e+04
2.205130739903045469e+04
2.477076355991708988e+04
2.782559402207125822e+04
3.125715849688235176e+04
3.511191734215127508e+04
3.944206059437656222e+04
4.430621457583877782e+04
4.977023564332113892e+04
5.590810182512222673e+04
6.280291441834246507e+04
7.054802310718645458e+04
7.924828983539169712e+04
8.902150854450392944e+04
1.000000000000000000e+05
